n,m,blockSize,rowReducedCPU,rowReducedGPU,colReducedCPU,colReducedGPU,rowError,colError,timeRowCPU_us,timeColCPU_us,timeRowRedCPU_us,timeColRedCPU_us,timeRowGPU_ms,timeColGPU_ms,timeRowRedGPU_ms,timeColRedGPU_ms,rowSpeedup,colSpeedup,redSpeedup
1000,1000,4,9.99985e+06,9.99985e+06,9.99985e+06,9.99985e+06,0,0,877,7246,1,1,12.1824,8.96,8.96755,5.84778,0.0719893,0.808705,0.000134995
1000,1000,8,9.99985e+06,9.99985e+06,9.99985e+06,9.99985e+06,0,0,795,7093,2,1,5.7872,4.35526,4.35389,5.84637,0.137372,1.6286,0.00029411
1000,1000,16,9.99985e+06,9.99985e+06,9.99985e+06,9.99985e+06,0,0,827,7139,2,1,6.01075,4.35542,4.35558,5.84474,0.137587,1.63911,0.000294108
1000,1000,32,9.99985e+06,9.99985e+06,9.99985e+06,9.99985e+06,0,0,820,7165,1,1,5.86189,4.35574,4.35747,5.84819,0.139887,1.64495,0.00019597
1000,1000,64,9.99985e+06,9.99985e+06,9.99985e+06,9.99985e+06,0,0,845,7089,2,1,5.88381,4.35526,4.35552,5.83882,0.143614,1.62769,0.000294281
1000,1000,128,9.99985e+06,9.99985e+06,9.99985e+06,9.99985e+06,0,0,827,7155,6,1,5.83709,4.35533,4.35555,5.84669,0.14168,1.64282,0.000686124
1000,1000,256,9.99985e+06,9.99985e+06,9.99985e+06,9.99985e+06,0,0,795,7106,1,1,8.33718,4.35808,4.35446,5.83053,0.0953559,1.63053,0.000196367
1000,1000,512,9.99985e+06,9.99985e+06,9.99985e+06,9.99985e+06,0,0,850,7064,1,1,9.49741,7.72278,4.35546,5.84755,0.0894981,0.914696,0.000196021
1000,1000,1024,9.99985e+06,9.99985e+06,9.99985e+06,9.99985e+06,0,0,841,7091,1,1,14.1367,11.8758,4.35437,5.8465,0.0594904,0.597096,0.000196062
5000,5000,4,2.49969e+08,2.49969e+08,2.49969e+08,2.49969e+08,0,0,20381,270554,5,5,149.442,149.489,21.8176,18.1399,0.136381,1.80985,0.000250266
5000,5000,8,2.49969e+08,2.49969e+08,2.49969e+08,2.49969e+08,0,0,20574,270608,5,5,69.2746,61.7387,21.8197,18.1562,0.296992,4.38312,0.000250151
5000,5000,16,2.49969e+08,2.49969e+08,2.49969e+08,2.49969e+08,0,0,20346,273420,5,6,23.5005,24.3628,21.8173,18.1754,0.865768,11.2229,0.00027505
5000,5000,32,2.49969e+08,2.49969e+08,2.49969e+08,2.49969e+08,0,0,20317,271466,5,5,22.462,21.847,21.8214,18.2192,0.904506,12.4258,0.000249746
5000,5000,64,2.49969e+08,2.49969e+08,2.49969e+08,2.49969e+08,0,0,20400,271020,5,6,23.7572,21.8477,21.8173,18.2264,0.858689,12.4049,0.0002747
5000,5000,128,2.49969e+08,2.49969e+08,2.49969e+08,2.49969e+08,0,0,20703,271396,5,5,23.2885,21.85,21.8194,18.2005,0.888978,12.4208,0.000249875
5000,5000,256,2.49969e+08,2.49969e+08,2.49969e+08,2.49969e+08,0,0,20678,272058,6,5,25.0375,21.9283,21.8204,18.1475,0.825882,12.4067,0.000275221
5000,5000,512,2.49969e+08,2.49969e+08,2.49969e+08,2.49969e+08,0,0,20258,270982,6,5,37.8246,34.185,21.8235,18.1607,0.535578,7.92694,0.000275109
5000,5000,1024,2.49969e+08,2.49969e+08,2.49969e+08,2.49969e+08,0,0,20399,270375,5,5,63.0264,52.9201,21.8159,18.1698,0.323658,5.10912,0.000250089
10000,10000,4,9.99998e+08,9.99998e+08,9.99998e+08,9.99998e+08,0,0,81467,1.22002e+06,11,10,659.86,654.621,43.6454,31.7572,0.123461,1.86371,0.000278505
10000,10000,8,9.99998e+08,9.99998e+08,9.99998e+08,9.99998e+08,0,0,81372,1.21926e+06,10,10,309.826,276.88,43.6516,31.7444,0.262637,4.40357,0.000265266
10000,10000,16,9.99998e+08,9.99998e+08,9.99998e+08,9.99998e+08,0,0,83575,1.21788e+06,11,9,168.716,139.36,43.6534,32.4964,0.495358,8.73913,0.00026264
10000,10000,32,9.99998e+08,9.99998e+08,9.99998e+08,9.99998e+08,0,0,82141,1.21754e+06,10,9,60.8776,52.3959,43.6636,32.5053,1.34928,23.2372,0.000249446
10000,10000,64,9.99998e+08,9.99998e+08,9.99998e+08,9.99998e+08,0,0,81492,1.22293e+06,10,10,62.7854,56.31,43.6615,32.5112,1.29795,21.7179,0.000262561
10000,10000,128,9.99998e+08,9.99998e+08,9.99998e+08,9.99998e+08,0,0,81606,1.21988e+06,11,10,62.1468,59.6667,43.6572,32.4898,1.31312,20.4449,0.000275782
10000,10000,256,9.99998e+08,9.99998e+08,9.99998e+08,9.99998e+08,0,0,82057,1.22135e+06,10,10,65.3251,59.8465,43.6675,32.4864,1.25613,20.4081,0.000262626
10000,10000,512,9.99998e+08,9.99998e+08,9.99998e+08,9.99998e+08,0,0,81794,1.21907e+06,11,10,87.5951,74.1148,43.6654,32.5003,0.933774,16.4483,0.000275715
10000,10000,1024,9.99998e+08,9.99998e+08,9.99998e+08,9.99998e+08,0,0,82196,1.2196e+06,10,19,136.586,112.948,43.6613,32.4982,0.601789,10.7979,0.00038078
25000,25000,4,6.25021e+09,6.25021e+09,6.25021e+09,6.25021e+09,0,0,512597,1.03706e+07,27,23,1973.87,1952.84,51.3162,35.2578,0.259692,5.31049,0.00057754
25000,25000,8,6.25021e+09,6.25021e+09,6.25021e+09,6.25021e+09,0,0,509053,1.00752e+07,25,23,1005.72,899.99,51.314,35.2607,0.506159,11.1948,0.000554435
25000,25000,16,6.25021e+09,6.25021e+09,6.25021e+09,6.25021e+09,0,0,507270,9.95874e+06,25,23,1295.9,999.228,109.134,74.9531,0.391442,9.96644,0.000260746
25000,25000,32,6.25021e+09,6.25021e+09,6.25021e+09,6.25021e+09,0,0,509803,9.94212e+06,25,22,1017.74,666.884,109.157,76.7902,0.500919,14.9083,0.00025276
25000,25000,64,6.25021e+09,6.25021e+09,6.25021e+09,6.25021e+09,0,0,507564,1.0073e+07,25,23,444.599,304.264,51.2891,35.2577,1.14162,33.1061,0.000554613
25000,25000,128,6.25021e+09,6.25021e+09,6.25021e+09,6.25021e+09,0,0,507819,1.05889e+07,25,23,454.235,309.588,51.291,33.3877,1.11796,34.2031,0.000566848
25000,25000,256,6.25021e+09,6.25021e+09,6.25021e+09,6.25021e+09,0,0,511736,1.00574e+07,25,23,1003.5,677.607,109.158,76.81,0.509951,14.8425,0.000258108
25000,25000,512,6.25021e+09,6.25021e+09,6.25021e+09,6.25021e+09,0,0,510344,1.04592e+07,24,23,486.53,327.244,51.2912,35.2596,1.04895,31.9613,0.000543033
25000,25000,1024,6.25021e+09,6.25021e+09,6.25021e+09,6.25021e+09,0,0,522629,1.05101e+07,26,24,1230.99,768.403,109.171,76.8097,0.424559,13.6778,0.000268846
